{
 "cells": [
  {
   "cell_type": "markdown",
   "metadata": {},
   "source": [
    "# Titanic Disaster - Machine Learning from Disaster\n",
    "\n",
    "[+] https://www.kaggle.com/c/titanic\n"
   ]
  },
  {
   "cell_type": "code",
   "execution_count": 81,
   "metadata": {},
   "outputs": [],
   "source": [
    "import pandas as pd\n",
    "import numpy as np\n",
    "import joblib\n",
    "\n",
    "train = pd.read_csv('./train.csv')\n",
    "test = pd.read_csv('./test.csv')\n"
   ]
  },
  {
   "cell_type": "code",
   "execution_count": 82,
   "metadata": {},
   "outputs": [
    {
     "data": {
      "text/plain": [
       "PassengerId      int64\n",
       "Survived         int64\n",
       "Pclass           int64\n",
       "Name            object\n",
       "Sex             object\n",
       "Age            float64\n",
       "SibSp            int64\n",
       "Parch            int64\n",
       "Ticket          object\n",
       "Fare           float64\n",
       "Cabin           object\n",
       "Embarked        object\n",
       "dtype: object"
      ]
     },
     "execution_count": 82,
     "metadata": {},
     "output_type": "execute_result"
    }
   ],
   "source": [
    "train.dtypes\n"
   ]
  },
  {
   "cell_type": "code",
   "execution_count": 83,
   "metadata": {},
   "outputs": [
    {
     "name": "stdout",
     "output_type": "stream",
     "text": [
      "PassengerId      0\n",
      "Survived         0\n",
      "Pclass           0\n",
      "Name             0\n",
      "Sex              0\n",
      "Age            177\n",
      "SibSp            0\n",
      "Parch            0\n",
      "Ticket           0\n",
      "Fare             0\n",
      "Cabin          687\n",
      "Embarked         2\n",
      "dtype: int64\n",
      "PassengerId      0\n",
      "Pclass           0\n",
      "Name             0\n",
      "Sex              0\n",
      "Age             86\n",
      "SibSp            0\n",
      "Parch            0\n",
      "Ticket           0\n",
      "Fare             1\n",
      "Cabin          327\n",
      "Embarked         0\n",
      "dtype: int64\n"
     ]
    }
   ],
   "source": [
    "# test = test.drop(columns=['Name', 'Ticket', 'Fare', 'Cabin'])\n",
    "\n",
    "print(train.isna().sum())\n",
    "print(test.isna().sum())\n"
   ]
  },
  {
   "cell_type": "code",
   "execution_count": 84,
   "metadata": {},
   "outputs": [
    {
     "data": {
      "text/plain": [
       "PassengerId      0\n",
       "Survived         0\n",
       "Pclass           0\n",
       "Name             0\n",
       "Sex              0\n",
       "Age              0\n",
       "SibSp            0\n",
       "Parch            0\n",
       "Ticket           0\n",
       "Fare             0\n",
       "Cabin          687\n",
       "Embarked         0\n",
       "dtype: int64"
      ]
     },
     "execution_count": 84,
     "metadata": {},
     "output_type": "execute_result"
    }
   ],
   "source": [
    "train['Age'] = train['Age'].fillna(train['Age'].mean())\n",
    "train['Embarked'] = train['Embarked'].fillna(train['Embarked'].mode()[0])\n",
    "# test['Age']=test['Age'].fillna(test['Age'].mean())\n",
    "# test['Embarked']=test['Embarked'].fillna(test['Embarked'].mode()[0])\n",
    "train.isna().sum()\n",
    "# train = train.drop(columns=['Name', 'Ticket', 'Fare', 'Cabin'])\n"
   ]
  },
  {
   "cell_type": "code",
   "execution_count": 85,
   "metadata": {},
   "outputs": [
    {
     "data": {
      "text/html": [
       "<div>\n",
       "<style scoped>\n",
       "    .dataframe tbody tr th:only-of-type {\n",
       "        vertical-align: middle;\n",
       "    }\n",
       "\n",
       "    .dataframe tbody tr th {\n",
       "        vertical-align: top;\n",
       "    }\n",
       "\n",
       "    .dataframe thead th {\n",
       "        text-align: right;\n",
       "    }\n",
       "</style>\n",
       "<table border=\"1\" class=\"dataframe\">\n",
       "  <thead>\n",
       "    <tr style=\"text-align: right;\">\n",
       "      <th></th>\n",
       "      <th>PassengerId</th>\n",
       "      <th>Survived</th>\n",
       "      <th>Pclass</th>\n",
       "      <th>Age</th>\n",
       "      <th>SibSp</th>\n",
       "      <th>Parch</th>\n",
       "      <th>Fare</th>\n",
       "    </tr>\n",
       "  </thead>\n",
       "  <tbody>\n",
       "    <tr>\n",
       "      <th>PassengerId</th>\n",
       "      <td>1.000000</td>\n",
       "      <td>-0.005007</td>\n",
       "      <td>-0.035144</td>\n",
       "      <td>0.033207</td>\n",
       "      <td>-0.057527</td>\n",
       "      <td>-0.001652</td>\n",
       "      <td>0.012658</td>\n",
       "    </tr>\n",
       "    <tr>\n",
       "      <th>Survived</th>\n",
       "      <td>-0.005007</td>\n",
       "      <td>1.000000</td>\n",
       "      <td>-0.338481</td>\n",
       "      <td>-0.069809</td>\n",
       "      <td>-0.035322</td>\n",
       "      <td>0.081629</td>\n",
       "      <td>0.257307</td>\n",
       "    </tr>\n",
       "    <tr>\n",
       "      <th>Pclass</th>\n",
       "      <td>-0.035144</td>\n",
       "      <td>-0.338481</td>\n",
       "      <td>1.000000</td>\n",
       "      <td>-0.331339</td>\n",
       "      <td>0.083081</td>\n",
       "      <td>0.018443</td>\n",
       "      <td>-0.549500</td>\n",
       "    </tr>\n",
       "    <tr>\n",
       "      <th>Age</th>\n",
       "      <td>0.033207</td>\n",
       "      <td>-0.069809</td>\n",
       "      <td>-0.331339</td>\n",
       "      <td>1.000000</td>\n",
       "      <td>-0.232625</td>\n",
       "      <td>-0.179191</td>\n",
       "      <td>0.091566</td>\n",
       "    </tr>\n",
       "    <tr>\n",
       "      <th>SibSp</th>\n",
       "      <td>-0.057527</td>\n",
       "      <td>-0.035322</td>\n",
       "      <td>0.083081</td>\n",
       "      <td>-0.232625</td>\n",
       "      <td>1.000000</td>\n",
       "      <td>0.414838</td>\n",
       "      <td>0.159651</td>\n",
       "    </tr>\n",
       "    <tr>\n",
       "      <th>Parch</th>\n",
       "      <td>-0.001652</td>\n",
       "      <td>0.081629</td>\n",
       "      <td>0.018443</td>\n",
       "      <td>-0.179191</td>\n",
       "      <td>0.414838</td>\n",
       "      <td>1.000000</td>\n",
       "      <td>0.216225</td>\n",
       "    </tr>\n",
       "    <tr>\n",
       "      <th>Fare</th>\n",
       "      <td>0.012658</td>\n",
       "      <td>0.257307</td>\n",
       "      <td>-0.549500</td>\n",
       "      <td>0.091566</td>\n",
       "      <td>0.159651</td>\n",
       "      <td>0.216225</td>\n",
       "      <td>1.000000</td>\n",
       "    </tr>\n",
       "  </tbody>\n",
       "</table>\n",
       "</div>"
      ],
      "text/plain": [
       "             PassengerId  Survived    Pclass       Age     SibSp     Parch  \\\n",
       "PassengerId     1.000000 -0.005007 -0.035144  0.033207 -0.057527 -0.001652   \n",
       "Survived       -0.005007  1.000000 -0.338481 -0.069809 -0.035322  0.081629   \n",
       "Pclass         -0.035144 -0.338481  1.000000 -0.331339  0.083081  0.018443   \n",
       "Age             0.033207 -0.069809 -0.331339  1.000000 -0.232625 -0.179191   \n",
       "SibSp          -0.057527 -0.035322  0.083081 -0.232625  1.000000  0.414838   \n",
       "Parch          -0.001652  0.081629  0.018443 -0.179191  0.414838  1.000000   \n",
       "Fare            0.012658  0.257307 -0.549500  0.091566  0.159651  0.216225   \n",
       "\n",
       "                 Fare  \n",
       "PassengerId  0.012658  \n",
       "Survived     0.257307  \n",
       "Pclass      -0.549500  \n",
       "Age          0.091566  \n",
       "SibSp        0.159651  \n",
       "Parch        0.216225  \n",
       "Fare         1.000000  "
      ]
     },
     "execution_count": 85,
     "metadata": {},
     "output_type": "execute_result"
    }
   ],
   "source": [
    "corr = train.corr()\n",
    "corr\n"
   ]
  },
  {
   "cell_type": "code",
   "execution_count": 86,
   "metadata": {},
   "outputs": [],
   "source": [
    "train = train.drop(columns=['Name', 'Ticket', 'Cabin', 'PassengerId'])\n"
   ]
  },
  {
   "cell_type": "code",
   "execution_count": 87,
   "metadata": {},
   "outputs": [
    {
     "data": {
      "text/plain": [
       "Survived      int64\n",
       "Pclass        int64\n",
       "Sex          object\n",
       "Age         float64\n",
       "SibSp         int64\n",
       "Parch         int64\n",
       "Fare        float64\n",
       "Embarked     object\n",
       "dtype: object"
      ]
     },
     "execution_count": 87,
     "metadata": {},
     "output_type": "execute_result"
    }
   ],
   "source": [
    "train.dtypes\n"
   ]
  },
  {
   "cell_type": "code",
   "execution_count": 88,
   "metadata": {},
   "outputs": [
    {
     "data": {
      "text/html": [
       "<div>\n",
       "<style scoped>\n",
       "    .dataframe tbody tr th:only-of-type {\n",
       "        vertical-align: middle;\n",
       "    }\n",
       "\n",
       "    .dataframe tbody tr th {\n",
       "        vertical-align: top;\n",
       "    }\n",
       "\n",
       "    .dataframe thead th {\n",
       "        text-align: right;\n",
       "    }\n",
       "</style>\n",
       "<table border=\"1\" class=\"dataframe\">\n",
       "  <thead>\n",
       "    <tr style=\"text-align: right;\">\n",
       "      <th></th>\n",
       "      <th>Survived</th>\n",
       "      <th>Pclass</th>\n",
       "      <th>Age</th>\n",
       "      <th>SibSp</th>\n",
       "      <th>Parch</th>\n",
       "      <th>Fare</th>\n",
       "    </tr>\n",
       "  </thead>\n",
       "  <tbody>\n",
       "    <tr>\n",
       "      <th>Survived</th>\n",
       "      <td>1.000000</td>\n",
       "      <td>-0.338481</td>\n",
       "      <td>-0.069809</td>\n",
       "      <td>-0.035322</td>\n",
       "      <td>0.081629</td>\n",
       "      <td>0.257307</td>\n",
       "    </tr>\n",
       "    <tr>\n",
       "      <th>Pclass</th>\n",
       "      <td>-0.338481</td>\n",
       "      <td>1.000000</td>\n",
       "      <td>-0.331339</td>\n",
       "      <td>0.083081</td>\n",
       "      <td>0.018443</td>\n",
       "      <td>-0.549500</td>\n",
       "    </tr>\n",
       "    <tr>\n",
       "      <th>Age</th>\n",
       "      <td>-0.069809</td>\n",
       "      <td>-0.331339</td>\n",
       "      <td>1.000000</td>\n",
       "      <td>-0.232625</td>\n",
       "      <td>-0.179191</td>\n",
       "      <td>0.091566</td>\n",
       "    </tr>\n",
       "    <tr>\n",
       "      <th>SibSp</th>\n",
       "      <td>-0.035322</td>\n",
       "      <td>0.083081</td>\n",
       "      <td>-0.232625</td>\n",
       "      <td>1.000000</td>\n",
       "      <td>0.414838</td>\n",
       "      <td>0.159651</td>\n",
       "    </tr>\n",
       "    <tr>\n",
       "      <th>Parch</th>\n",
       "      <td>0.081629</td>\n",
       "      <td>0.018443</td>\n",
       "      <td>-0.179191</td>\n",
       "      <td>0.414838</td>\n",
       "      <td>1.000000</td>\n",
       "      <td>0.216225</td>\n",
       "    </tr>\n",
       "    <tr>\n",
       "      <th>Fare</th>\n",
       "      <td>0.257307</td>\n",
       "      <td>-0.549500</td>\n",
       "      <td>0.091566</td>\n",
       "      <td>0.159651</td>\n",
       "      <td>0.216225</td>\n",
       "      <td>1.000000</td>\n",
       "    </tr>\n",
       "  </tbody>\n",
       "</table>\n",
       "</div>"
      ],
      "text/plain": [
       "          Survived    Pclass       Age     SibSp     Parch      Fare\n",
       "Survived  1.000000 -0.338481 -0.069809 -0.035322  0.081629  0.257307\n",
       "Pclass   -0.338481  1.000000 -0.331339  0.083081  0.018443 -0.549500\n",
       "Age      -0.069809 -0.331339  1.000000 -0.232625 -0.179191  0.091566\n",
       "SibSp    -0.035322  0.083081 -0.232625  1.000000  0.414838  0.159651\n",
       "Parch     0.081629  0.018443 -0.179191  0.414838  1.000000  0.216225\n",
       "Fare      0.257307 -0.549500  0.091566  0.159651  0.216225  1.000000"
      ]
     },
     "execution_count": 88,
     "metadata": {},
     "output_type": "execute_result"
    }
   ],
   "source": [
    "corr = train.corr()\n",
    "corr\n"
   ]
  },
  {
   "cell_type": "code",
   "execution_count": 89,
   "metadata": {},
   "outputs": [
    {
     "data": {
      "text/plain": [
       "['le.joblib']"
      ]
     },
     "execution_count": 89,
     "metadata": {},
     "output_type": "execute_result"
    }
   ],
   "source": [
    "# encoding\n",
    "\n",
    "from sklearn.preprocessing import LabelEncoder\n",
    "X = train.drop(columns=['Survived'])\n",
    "y = train['Survived']\n",
    "le = LabelEncoder()\n",
    "X['Sex'] = le.fit_transform(X['Sex'])\n",
    "joblib.dump(le, 'le.joblib')\n"
   ]
  },
  {
   "cell_type": "code",
   "execution_count": 90,
   "metadata": {},
   "outputs": [
    {
     "data": {
      "text/plain": [
       "['ct.joblib']"
      ]
     },
     "execution_count": 90,
     "metadata": {},
     "output_type": "execute_result"
    }
   ],
   "source": [
    "from sklearn.compose import ColumnTransformer\n",
    "from sklearn.preprocessing import OneHotEncoder\n",
    "\n",
    "ct = ColumnTransformer(\n",
    "    [('encode', OneHotEncoder(), [6])], remainder='passthrough')\n",
    "X = ct.fit_transform(X)\n",
    "joblib.dump(ct, 'ct.joblib')\n"
   ]
  },
  {
   "cell_type": "code",
   "execution_count": 91,
   "metadata": {},
   "outputs": [
    {
     "data": {
      "text/plain": [
       "['sc.joblib']"
      ]
     },
     "execution_count": 91,
     "metadata": {},
     "output_type": "execute_result"
    }
   ],
   "source": [
    "# Scalling\n",
    "\n",
    "from sklearn.preprocessing import StandardScaler\n",
    "\n",
    "sc = StandardScaler()\n",
    "X = sc.fit_transform(X)\n",
    "joblib.dump(sc, 'sc.joblib')\n"
   ]
  },
  {
   "cell_type": "code",
   "execution_count": 100,
   "metadata": {},
   "outputs": [],
   "source": [
    "from sklearn.model_selection import train_test_split\n",
    "\n",
    "\n",
    "X_train, X_test, y_train, y_test = train_test_split(\n",
    "    X, y, test_size=.2,random_state=5)\n"
   ]
  },
  {
   "cell_type": "code",
   "execution_count": 106,
   "metadata": {},
   "outputs": [
    {
     "name": "stdout",
     "output_type": "stream",
     "text": [
      "0.8379888268156425\n"
     ]
    },
    {
     "data": {
      "text/plain": [
       "['classifier.joblib']"
      ]
     },
     "execution_count": 106,
     "metadata": {},
     "output_type": "execute_result"
    }
   ],
   "source": [
    "from sklearn.svm import SVC\n",
    "from sklearn.metrics import accuracy_score\n",
    "\n",
    "classifier = SVC(C=1)\n",
    "# classifier = SVC(kernel='rbf', random_state=0)\n",
    "classifier.fit(X_train, y_train)\n",
    "y_pred = classifier.predict(X_test)\n",
    "print(accuracy_score(y_test, y_pred))\n",
    "\n",
    "joblib.dump(classifier,'classifier.joblib')\n"
   ]
  },
  {
   "cell_type": "code",
   "execution_count": null,
   "metadata": {},
   "outputs": [],
   "source": []
  }
 ],
 "metadata": {
  "kernelspec": {
   "display_name": "Python 3.9.12 ('base')",
   "language": "python",
   "name": "python3"
  },
  "language_info": {
   "codemirror_mode": {
    "name": "ipython",
    "version": 3
   },
   "file_extension": ".py",
   "mimetype": "text/x-python",
   "name": "python",
   "nbconvert_exporter": "python",
   "pygments_lexer": "ipython3",
   "version": "3.9.12"
  },
  "orig_nbformat": 4,
  "vscode": {
   "interpreter": {
    "hash": "73fa04910e3d127807ceeedb19e1b3e59ccb4070037b8d0933101bf9843736ea"
   }
  }
 },
 "nbformat": 4,
 "nbformat_minor": 2
}
